803
3333	0	0
3333	7	0
3541	3	0
3750	4	0
3958	5	0
4166	1	0
4375	4	0
4583	5	0
4791	7	0
5000	0	0
5000	6	0
5208	2	0
5416	3	0
5625	4	0
5833	1	0
6041	7	0
6250	4	0
6458	5	0
6666	0	0
6666	6	0
6875	1	0
7083	2	0
7291	4	0
7500	3	0
7708	4	0
7916	5	0
8125	6	0
8333	0	0
8333	7	0
8541	2	0
8750	3	0
8958	5	0
9166	1	0
9375	7	0
9583	6	0
9791	5	0
10000	3	0
10000	7	0
10625	1	0
10833	1	0
11145	3	0
11458	6	0
11666	6	0
11979	1	0
12291	6	0
12500	2	0
12812	5	0
13125	2	0
13333	0	1250
13333	7	1250
14583	3	0
14687	4	0
14791	5	0
15104	1	0
15208	2	0
15312	3	0
15416	7	0
15520	6	0
15625	5	0
15729	4	0
15833	2	0
15937	1	0
16041	2	0
16145	3	0
16250	4	0
16354	7	0
16458	6	0
16562	7	0
16666	1	0
16666	6	0
17291	0	0
17500	2	0
17708	4	0
17916	6	0
18125	5	0
18958	6	0
19166	5	0
19375	3	0
19583	1	0
19791	2	0
20625	1	0
20833	3	0
21041	5	0
21250	7	0
21666	2	0
21666	6	0
22291	1	0
22291	5	0
22916	2	0
22916	6	0
23333	3	0
23333	7	0
23958	0	0
24166	2	0
24375	4	0
24583	6	0
24791	5	0
25208	2	0
25208	6	0
25625	3	0
25625	7	0
25833	3	0
25833	7	0
26145	2	0
26145	6	0
26458	1	0
26458	5	0
26666	0	1666
26666	4	1666
28541	0	0
28645	1	0
28750	2	0
28854	3	0
28958	4	0
29062	5	0
29166	7	0
29270	6	0
29375	1	0
29375	5	0
29479	4	0
29583	3	0
29583	7	416
29687	2	0
29791	1	0
29895	0	0
30000	1	0
30000	4	312
30312	2	312
30625	4	312
30833	7	0
30937	6	312
31250	5	208
31458	6	208
31666	0	0
31666	5	312
31979	3	312
32291	1	208
32500	7	0
32708	5	208
32916	4	208
33125	3	208
33333	0	0
33333	4	312
33645	2	312
33958	0	208
34166	7	0
34375	4	208
34583	3	208
34791	4	208
35000	0	0
35000	3	312
35312	2	312
35625	3	312
35833	7	0
35937	4	312
36250	7	208
36458	6	208
36666	0	0
36666	5	625
37291	2	208
37500	3	312
37500	7	0
37812	4	312
38125	5	208
38333	0	0
38333	6	312
38645	7	312
38958	5	416
39166	7	0
39375	4	312
39687	3	312
40000	0	0
40000	4	1041
40833	7	0
41041	3	208
41250	4	208
41458	5	208
41666	0	0
41666	6	833
42500	7	0
42708	0	0
42812	0	0
42916	7	0
43125	0	0
43333	0	0
43333	7	0
43541	1	0
43645	2	0
43750	3	0
43854	2	0
43958	3	0
44062	4	0
44166	3	0
44270	4	0
44375	5	0
44479	4	0
44583	5	0
44687	4	0
44791	5	0
44895	6	0
45000	5	0
45104	2	0
45208	1	0
45312	6	0
45416	2	0
45520	1	0
45625	5	0
45729	1	0
45833	7	0
45937	6	0
46041	5	0
46145	4	0
46250	3	0
46354	2	0
46458	1	0
46562	0	0
46666	4	0
46666	7	0
46875	0	0
46979	1	0
47083	2	0
47187	1	0
47291	2	0
47395	3	0
47500	2	0
47604	3	0
47708	4	0
47812	3	0
47916	4	0
48020	3	0
48125	4	0
48229	5	0
48333	3	0
48333	6	0
48541	0	0
48645	1	0
48750	2	0
48854	1	0
48958	2	0
49062	3	0
49166	4	0
49270	3	0
49375	4	0
49479	5	0
49583	3	0
49583	7	0
49687	6	0
49791	1	0
49791	5	0
49895	6	0
50000	3	0
50000	7	0
50208	0	0
50312	1	0
50416	2	0
50520	3	0
50625	4	0
50729	5	0
50833	0	0
50833	4	0
50937	7	0
51041	6	0
51145	5	0
51250	4	0
51354	3	0
51458	2	0
51562	1	0
51666	0	0
51666	7	0
51875	1	0
51979	2	0
52083	3	0
52187	4	0
52291	2	0
52291	5	0
52395	6	0
52500	1	0
52500	6	0
52604	4	0
52708	3	0
52812	0	0
52812	7	0
52916	4	0
53020	3	0
53125	1	0
53125	6	0
53229	3	0
53333	2	0
53333	5	0
53541	4	0
53645	3	0
53750	5	0
53854	4	0
53958	3	0
54062	2	0
54166	4	0
54166	5	0
54270	3	0
54375	2	0
54479	4	0
54479	5	0
54583	3	0
54687	2	0
54791	4	0
54791	5	0
54895	2	0
55000	3	0
55000	6	0
55104	0	0
55208	1	0
55312	2	0
55416	1	0
55520	2	0
55625	3	0
55729	4	0
55833	5	0
55937	6	0
56041	7	0
56145	2	0
56250	3	0
56354	4	0
56458	5	0
56562	6	0
56666	0	1666
56666	7	1666
58333	3	1666
58333	4	1666
60000	1	1666
60000	6	1666
61666	2	1666
61666	5	1666
63333	3	0
63333	7	0
64166	0	0
64166	4	0
65000	2	0
65000	6	0
65625	4	0
65833	2	0
65833	6	0
66145	3	0
66145	7	0
66458	2	0
66458	6	0
66666	1	0
66666	5	0
68229	2	0
68263	3	0
68298	4	0
68333	5	0
68750	0	0
68854	1	0
68958	2	0
69062	3	0
69166	7	0
69375	4	0
69583	6	0
69791	5	0
70000	0	0
70000	7	0
70104	0	0
70312	1	0
70312	6	0
70416	1	0
70625	2	0
70625	5	0
70729	2	0
70937	3	0
70937	4	0
71041	3	0
71250	3	0
71250	6	0
71458	3	0
71458	5	0
71666	1	0
71666	6	0
72291	2	0
72500	5	0
72708	4	0
72916	5	0
73125	7	0
73333	4	0
73333	6	0
73645	2	0
73645	5	0
73958	1	0
73958	3	0
75000	2	0
75000	5	0
75625	4	0
75833	3	0
75833	6	0
76041	5	0
76250	1	0
76250	4	0
76458	6	0
76666	2	0
76666	5	0
76979	2	0
76979	5	0
77291	3	0
77291	4	0
77500	3	0
77500	4	0
78333	0	0
78333	4	0
78645	7	0
78958	0	0
78958	4	0
79375	3	0
79583	4	0
79791	3	0
80000	2	0
80000	5	0
80312	2	0
80312	5	0
80625	3	0
80625	4	0
80833	1	0
80833	6	0
81250	7	0
81458	6	0
81666	1	0
81666	5	0
81979	1	0
82291	5	0
82500	2	0
82708	3	0
82916	4	0
83125	5	0
83333	1	0
83333	6	0
83958	0	0
83958	7	0
84062	6	0
84166	2	0
84166	5	833
84583	1	0
85000	0	1666
85000	6	0
85625	4	0
85833	5	0
86250	7	0
86666	6	0
86666	1	1666
86979	4	0
87291	6	0
87916	5	0
88125	7	0
88333	6	0
88333	2	1666
88958	4	0
89166	5	0
89583	4	0
90000	5	0
90000	3	416
90312	6	0
90416	4	416
90625	6	0
90833	3	416
91041	6	0
91250	7	0
91250	0	416
91458	6	0
91666	1	1666
91666	5	0
92291	2	0
92916	5	0
93333	2	1666
93333	6	0
93958	1	0
94583	6	0
95000	3	1666
95000	7	0
95625	0	0
96250	7	0
96666	6	0
96666	1	833
96979	6	0
97291	7	0
97395	6	0
97500	0	833
97500	5	0
97604	1	0
97708	2	0
97812	3	0
97916	4	0
98020	5	0
98125	6	0
98229	7	0
98333	1	0
98333	6	0
98750	1	0
98958	5	0
99166	2	0
99583	2	0
99583	5	0
99791	7	0
100000	0	0
100000	6	0
100416	6	0
100625	3	0
100833	3	0
100833	5	0
101145	5	0
101250	6	0
101458	5	0
101666	1	0
101666	5	0
101979	4	0
102083	1	0
102291	5	0
102500	2	0
102500	6	0
102812	3	0
102916	6	0
103125	2	0
103333	1	0
103333	5	0
103645	4	0
103750	1	0
103958	5	0
104166	0	0
104166	7	0
104583	1	0
104583	6	0
105000	2	0
105000	5	0
105625	0	0
105833	2	0
106041	3	0
106250	5	0
106458	0	0
106458	4	0
106875	2	0
106875	5	0
107291	7	0
107500	6	0
107500	7	0
107812	4	0
107812	5	0
108125	2	0
108125	3	0
108333	0	1666
108333	1	1666
109166	7	0
109583	4	0
110000	7	0
110104	6	0
110208	5	0
110312	4	0
110416	5	0
110520	4	0
110625	3	0
110729	2	0
110833	0	0
110937	1	0
111041	2	0
111145	3	0
111250	4	0
111354	5	0
111458	7	0
111562	6	0
111666	0	0
111666	5	0
111979	3	0
112291	5	0
112500	2	0
112604	7	0
112916	6	0
113125	7	0
113333	0	0
113333	6	0
113645	4	0
113958	2	0
114166	3	0
114375	5	0
114583	4	0
114791	3	0
115000	0	0
115000	4	0
115312	2	0
115625	0	0
115833	1	0
116041	6	0
116250	5	0
116458	6	0
116666	0	0
116666	5	0
116979	4	0
117291	5	0
117500	3	0
117604	6	0
117916	7	0
118125	6	0
118333	0	0
118333	5	0
118958	3	0
119166	2	0
119166	6	0
119479	5	0
119791	4	0
120000	3	0
120000	7	0
120312	0	0
120625	3	0
120833	0	0
120833	4	0
121145	7	0
121458	4	0
121666	1	833
121666	6	833
122708	3	0
122916	7	0
123125	6	0
123333	2	0
123333	5	0
123645	5	0
123958	3	0
123958	6	0
124062	5	0
124166	1	0
124166	4	0
125000	1	0
125000	4	0
125312	3	0
125625	1	0
125625	4	0
125937	6	0
126250	2	0
126250	5	0
126458	6	0
126666	3	0
126666	5	0
126979	4	0
127291	1	0
127291	3	0
127708	5	0
127916	2	0
127916	4	0
128125	3	0
128333	3	0
128333	4	0
128645	3	0
128958	1	0
128958	2	0
129375	6	0
129583	2	0
129583	5	0
129791	6	0
130000	1	0
130000	5	0
130312	4	0
130625	1	0
130625	5	0
130937	2	0
130937	6	0
131250	3	0
131250	7	0
131458	6	0
131666	2	0
131666	5	0
132291	3	0
132291	4	0
132500	2	0
132500	5	0
132812	1	0
132812	6	0
133125	0	0
133125	7	0
133333	1	0
133333	6	0
133645	2	0
133645	5	0
133958	0	0
133958	7	0
134375	1	0
134375	6	0
134687	2	0
134687	5	0
135000	1	833
135000	6	833
136041	2	0
136250	3	0
136458	4	0
136666	2	833
136666	5	833
137500	1	0
137500	4	0
137916	2	0
137916	5	0
138333	2	1250
138333	6	1250
139583	0	416
139583	4	416
140000	1	833
140000	5	833
140833	2	833
140833	6	833
141666	3	1250
141666	7	1250
142916	1	416
142916	5	416
143333	2	833
143333	6	833
144166	0	833
144166	4	833
145000	2	833
145000	5	833
145833	3	833
145833	4	833
146666	1	625
146666	6	625
147291	3	0
147291	4	0
147500	1	312
147500	6	312
147812	0	312
147812	7	312
148125	1	208
148125	6	208
148333	2	1666
148333	5	1666
150000	3	1666
150000	4	1666
151666	6	416
152083	1	416
152500	3	416
152916	4	416
153333	0	833
153333	7	833
154166	2	833
154166	5	833
155000	7	416
155416	0	416
155833	2	416
156250	5	416
156666	1	833
156666	6	833
157500	3	833
157500	4	833
158333	2	416
158750	6	416
159166	5	416
159583	6	416
160000	5	625
160625	3	625
161250	1	416
161666	4	416
162083	3	416
162500	4	416
162916	1	416
162916	6	416
163333	0	1666
163333	7	1666
164166	2	0
164479	3	0
164791	4	0
165000	2	0
165000	5	0
165416	3	0
165833	4	0
166250	3	0
166250	5	0
166666	0	0
166666	6	0
167083	1	0
167500	2	0
167500	4	0
167916	3	0
168333	1	0
168333	7	0
168750	2	0
169166	4	0
169583	1	0
169583	6	0
170000	0	0
170000	5	0
170416	1	0
170833	2	0
170833	4	0
171250	3	0
171666	2	0
171666	5	0
172500	3	0
172500	4	0
173333	1	0
173333	6	0
173958	4	0
174166	1	0
174166	6	0
174479	0	0
174479	7	0
174791	1	0
174791	6	0
175000	2	0
175000	5	0
176562	1	0
176597	2	0
176631	3	0
176666	4	0
176701	5	0
176736	6	0
